1.758849e-01 1
-1.293560e-01 2
-2.781549e-01 3
2.479382e-01 4
-1.014977e+00 5
-1.160544e+00 6
7.678137e-01 7
-9.178134e-01 8
-5.462498e-01 9
-6.458796e-01 10
-1.099547e+00 11
2.420559e-01 12
2.527115e-01 13
1.753839e+00 14
-1.758760e-01 15
-3.220398e+00 16
8.623045e-01 17
-1.311401e-01 18
1.161628e+00 19
7.967676e-01 20
2.016708e+00 21
-2.327638e+00 22
3.391307e+00 23
3.126719e-02 24
2.244492e+00 25
4.825856e-01 26
-6.458796e-01 27
1.333478e+00 28
-7.882339e-01 29
-5.918124e-01 30
-8.971941e-01 31
-2.545270e+00 32
-7.259224e-01 33
-4.153560e-01 34
-8.208211e-01 35
4.527326e-01 36
-7.236573e-01 37
-1.051345e+00 38
-2.332279e+00 39
-4.673969e-01 40
-2.350628e+00 41
-3.035392e-01 42
1.493154e+00 43
4.302598e-01 44
-9.603730e-01 45
4.266775e+00 46
-1.995806e+00 47
1.746070e-01 48
8.380532e-01 49
-7.889805e-01 50
-7.871932e-01 51
-6.160267e-01 52
4.747115e-01 53
-4.485332e+00 54
-5.123483e-01 55
-1.419070e+00 56
2.382642e+00 57
-2.582821e+00 58
9.122650e-01 59
2.586241e+00 60
1.315779e+00 61
1.182247e+00 62
-2.785946e+00 63
-2.289719e+00 64
2.556129e-01 65
-5.624980e-01 66
-1.759091e+00 67
-1.274488e+00 68
-8.470443e-01 69
-1.150436e+00 70
-1.817411e-01 71
-1.922173e+00 72
-3.759395e+00 73
-4.034498e+00 74
4.369190e+00 75
-2.437639e+00 76
8.581977e-01 77
1.118061e-01 78
-2.723696e+00 79
-2.759595e-01 80
-2.204024e+00 81
-4.270221e+00 82
-2.628874e-01 83
-2.648204e+00 84
1.364569e+00 85
-1.679953e+00 86
6.924644e-02 87
3.794014e-01 88
2.840476e+00 89
-1.456810e+00 90
-4.153560e-01 91
5.241916e-01 92
4.844813e-01 93
-1.174959e+00 94
-1.289756e+00 95
2.315951e+00 96
3.553825e+00 97
1.865296e-01 98
-1.614873e-01 99
-9.235114e-01 100
9.147681e-01 101
6.178124e-01 102
-3.581976e-01 103
2.495044e-01 104
-7.636627e-01 105
-1.080332e+00 106
-1.313709e+00 107
-4.634864e+00 108
-3.328612e+00 109
8.808953e-02 110
-7.051550e-02 111
3.677394e-01 112
-6.554491e-01 113
2.057716e+00 114
2.266471e+00 115
-1.673874e+00 116
-1.348596e+00 117
-2.478461e+00 118
-1.659935e+00 119
1.395822e+00 120
-1.422908e+00 121
7.773582e-01 122
-7.065043e-01 123
-6.656823e-01 124
-1.892128e+00 125
4.931736e-01 126
-7.636627e-01 127
-1.249170e+00 128
1.301552e-01 129
-2.840896e-01 130
-3.474882e+00 131
-1.575269e-01 132
2.048748e+00 133
-5.123483e-01 134
4.684810e-01 135
2.123473e-01 136
-2.235115e+00 137
-1.744492e+00 138
-2.360949e-01 139
-2.555422e+00 140
1.446301e+00 141
3.391307e+00 142
-1.887794e-01 143
-3.066248e+00 144
1.088721e+00 145
2.746490e-02 146
-3.161558e+00 147
8.204574e-01 148
-1.916342e+00 149
2.492942e-01 150
-1.468885e-01 151
-1.995806e+00 152
1.865296e-01 153
-1.051345e+00 154
3.075790e+00 155
-2.462332e+00 156
8.711344e-02 157
1.273102e-01 158
-1.493178e+00 159
-2.404145e-01 160
2.414391e+00 161
-3.941717e+00 162
-2.843104e+00 163
-5.813411e-01 164
3.484501e-02 165
-8.726530e-01 166
-1.051345e+00 167
-2.255318e+00 168
-5.535063e-01 169
1.833964e+00 170
1.187265e-01 171
6.032136e-01 172
-6.836200e-01 173
6.145345e-01 174
8.808953e-02 175
-2.286089e+00 176
8.357249e-01 177
-1.812669e-01 178
-8.506741e-01 179
1.848889e-01 180
2.092808e+00 181
2.479382e-01 182
-1.618451e+00 183
1.423710e+00 184
2.414391e+00 185
1.050570e+00 186
6.350542e-01 187
1.028097e+00 188
-1.286184e+00 189
1.721244e+00 190
8.032156e-01 191
8.313865e-01 192
7.122438e-01 193
1.399660e+00 194
-3.581976e-01 195
-1.179178e+00 196
-1.621890e+00 197
-3.708102e+00 198
3.020527e+00 199
1.801287e+00 200
-1.086436e+00 201
6.916245e-01 202
2.923900e-01 203
7.531537e-01 204
4.185097e+00 205
-1.086436e+00 206
5.869413e-01 207
-1.205495e+00 208
-1.256139e+00 209
-2.009600e+00 210
-2.506632e+00 211
-2.774111e+00 212
-3.471713e+00 213
-6.011438e-01 214
-1.092167e+00 215
-1.506407e+00 216
9.462668e-01 217
2.123473e-01 218
6.465927e-02 219
-6.043306e-01 220
-1.942318e+00 221
4.693260e+00 222
1.460961e+00 223
-3.191411e+00 224
-1.967635e+00 225
-1.284960e+00 226
-9.868062e-01 227
4.219610e-01 228
2.014182e-01 229
2.675083e-01 230
-2.138031e-01 231
2.836563e-01 232
7.269917e-01 233
7.336579e-01 234
3.056793e+00 235
8.501136e-01 236
2.039698e+00 237
-5.549079e-01 238
-9.369344e-01 239
-7.636627e-01 240
-1.120645e-01 241
-1.031142e+00 242
-4.694232e-01 243
1.034103e+00 244
-3.581976e-01 245
-3.581976e-01 246
1.328201e+00 247
6.226317e-01 248
-1.245501e+00 249
8.066641e-01 250
-8.000303e-01 251
1.839027e+00 252
-3.577073e+00 253
1.695926e+00 254
-2.355852e-02 255
-3.130786e+00 256
-2.149957e+00 257
-9.212916e-01 258
-6.264616e-01 259
1.172261e-01 260
1.587713e+00 261
3.059529e+00 262
-3.426251e+00 263
-1.022642e-01 264
4.891003e-01 265
-1.744492e+00 266
3.553825e+00 267
-1.547782e+00 268
3.349496e-01 269
1.155930e+00 270
2.000214e-04 271
1.721244e+00 272
2.295891e-01 273
-7.737130e-01 274
-8.062223e-01 275
-4.535078e-01 276
-1.701932e+00 277
-1.327598e+00 278
4.039425e-01 279
8.363518e-02 280
1.460961e+00 281
3.932262e+00 282
3.096318e-01 283
-2.149957e+00 284
-5.591670e-02 285
-2.416586e+00 286
-5.588683e-01 287
-2.792092e-01 288
-1.510877e+00 289
-5.266621e-01 290
-1.657481e+00 291
-9.807272e-01 292
-8.571887e-01 293
3.043000e+00 294
4.726753e-02 295
-2.230000e+00 296
3.082221e+00 297
-3.471713e+00 298
-1.824535e+00 299
-8.351216e-01 300
9.917291e-01 301
-1.933734e+00 302
1.315779e+00 303
-2.672258e-01 304
2.564964e+00 305
4.174402e+00 306
-1.456810e+00 307
7.639452e-01 308
3.932262e+00 309
-1.824535e+00 310
-2.709573e+00 311
-7.743580e-01 312
-7.065043e-01 313
2.094133e+00 314
-2.080964e+00 315
-3.055074e+00 316
3.266873e-02 317
-1.590341e+00 318
-2.386524e-01 319
-8.326556e-01 320
2.486712e+00 321
-1.894432e+00 322
2.819856e+00 323
2.695804e+00 324
6.032136e-01 325
1.630993e-01 326
-1.967635e+00 327
-2.350628e+00 328
-1.727685e+00 329
4.149923e-01 330
4.118849e-02 331
1.639898e+00 332
1.977177e+00 333
-7.148725e-01 334
-1.138356e+00 335
1.993178e+00 336
-2.190779e+00 337
-2.079154e-01 338
-1.522632e-03 339
-6.264616e-01 340
7.712050e-02 341
-1.956786e-01 342
-6.836200e-01 343
-4.860309e-01 344
-1.938648e+00 345
-1.571220e+00 346
-1.404442e+00 347
-3.402720e+00 348
-1.339027e+00 349
2.178381e+00 350
-1.456810e+00 351
3.623486e-01 352
4.955008e+00 353
1.252291e-01 354
-1.068831e-01 355
-3.835154e-01 356
-2.577401e+00 357
1.620148e+00 358
9.855372e-01 359
1.647136e+00 360
-7.211031e-01 361
-1.327598e+00 362
-8.740107e-01 363
8.548251e-01 364
-5.232773e-01 365
-1.146655e+00 366
7.869347e-01 367
9.054945e-01 368
-3.302637e+00 369
-1.354000e+00 370
9.103137e-01 371
1.883461e-01 372
-7.636627e-01 373
-1.027247e+00 374
-1.758760e-01 375
-2.903729e+00 376
2.522872e+00 377
-5.733090e-01 378
-5.172623e-01 379
1.084186e+00 380
-8.295444e-01 381
-1.262654e+00 382
-9.401191e-01 383
-7.192109e-01 384
4.834759e+00 385
-4.188222e-01 386
3.252720e+00 387
-2.047678e+00 388
1.325348e+00 389
5.462587e-01 390
2.084149e+00 391
4.612433e-01 392
-2.489983e-01 393
5.198630e+00 394
-1.350540e-01 395
1.526280e-01 396
-5.300478e-01 397
4.039425e-01 398
-4.248890e-01 399
6.676554e-01 400
7.901623e-02 401
1.182247e+00 402
-1.169128e+00 403
-1.218088e-01 404
8.739461e-01 405
-7.196996e-01 406
-1.863473e-01 407
-6.458796e-01 408
2.465559e+00 409
-1.106032e+00 410
-2.214496e+00 411
3.009098e+00 412
1.466352e+00 413
-1.205495e+00 414
4.726753e-02 415
4.575519e-01 416
1.118061e-01 417
-3.032346e+00 418
-1.183696e+00 419
8.785651e-01 420
5.446701e-01 421
1.678684e+00 422
-1.704646e+00 423
2.280860e+00 424
1.944388e+00 425
4.726753e-02 426
-9.178134e-01 427
-6.867016e-01 428
6.561667e-02 429
3.736147e+00 430
-2.116055e+00 431
3.738650e-01 432
-7.395651e-01 433
-8.377707e-01 434
-1.191107e+00 435
-5.123483e-01 436
-5.252517e-01 437
6.226317e-01 438
-3.046731e-01 439
-6.571792e-01 440
3.731014e-01 441
9.627511e-02 442
9.963481e-01 443
-3.676013e+00 444
-3.998703e-01 445
-2.404145e-01 446
-2.711862e-01 447
2.788108e+00 448
6.603720e-01 449
1.916736e+00 450
-8.101827e-01 451
-1.258984e+00 452
1.917359e+00 453
-1.527427e+00 454
1.532653e+00 455
-9.005219e-01 456
-8.790725e-02 457
6.600332e-01 458
1.342789e-01 459
1.145880e+00 460
2.840476e+00 461
-2.643976e+00 462
-8.101827e-01 463
-1.004825e+00 464
-5.048011e-01 465
3.837398e-01 466
-7.636627e-01 467
-1.191107e+00 468
-3.335050e-01 469
-1.837274e+00 470
-1.245501e+00 471
-1.493178e+00 472
-1.000051e+00 473
-4.153687e+00 474
-8.993359e-02 475
1.543910e+00 476
3.677394e-01 477
-1.522632e-03 478
-1.339027e+00 479
-3.320028e+00 480
2.866310e-01 481
1.236405e-01 482
4.684810e-01 483
1.139322e+00 484
1.796467e+00 485
-2.576096e-04 486
-3.153953e+00 487
-2.711862e-01 488
1.937699e+00 489
2.363098e+00 490
1.799735e-01 491
4.627830e-01 492
-1.115883e+00 493
-1.872325e+00 494
-1.100135e+00 495
1.979073e+00 496
-1.385690e-01 497
1.969080e+00 498
1.887229e+00 499
-1.339027e+00 500
-1.323278e+00 501
-2.901945e+00 502
-4.227361e-01 503
-2.005686e-01 504
9.159795e-01 505
-1.353626e+00 506
3.760840e+00 507
-2.660783e+00 508
1.382393e-01 509
4.302598e-01 510
1.382393e-01 511
-1.223195e+00 512
1.915073e+00 513
-1.744492e+00 514
-2.085419e+00 515
1.701826e+00 516
2.836563e-01 517
1.056006e+00 518
1.264939e+00 519
1.695926e+00 520
7.404147e-01 521
1.125089e+00 522
-2.386346e+00 523
-2.149957e+00 524
2.305552e+00 525
-9.235114e-01 526
-4.635581e-01 527
1.096592e+00 528
1.225923e+00 529
-1.095797e+00 530
4.726753e-02 531
-2.196477e+00 532
4.891003e-01 533
1.173279e+00 534
-1.575269e-01 535
-2.692501e-01 536
1.647136e+00 537
-1.839802e+00 538
1.085255e+00 539
7.639452e-01 540
-1.014977e+00 541
-1.846275e+00 542
3.994881e-01 543
-3.581976e-01 544
-2.092799e+00 545
2.140502e+00 546
-3.581976e-01 547
-3.284937e+00 548
-5.887212e-01 549
-2.596704e+00 550
-1.411347e+00 551
-1.911435e-01 552
-9.475480e-01 553
-2.032174e+00 554
-1.158975e+00 555
-8.376073e-02 556
-8.546345e-01 557
-1.862275e+00 558
9.092356e-01 559
5.580932e-01 560
-2.149957e+00 561
-4.351586e-01 562
-1.644672e+00 563
1.071269e+00 564
2.686325e+00 565
2.914584e+00 566
-3.982539e+00 567
-1.602522e+00 568
1.127188e+00 569
-5.714784e+00 570
4.726753e-02 571
-8.425899e-01 572
-2.150967e-01 573
6.322011e-01 574
-7.107403e-01 575
-3.211563e-01 576
-3.750047e-01 577
-2.809203e+00 578
1.391002e+00 579
-2.609489e+00 580
-5.454091e-01 581
-1.489600e+00 582
5.330985e-02 583
-1.148983e+00 584
-1.824535e+00 585
-3.581976e-01 586
-1.823069e-01 587
-1.095797e+00 588
6.465927e-02 589
-7.636627e-01 590
3.514789e-01 591
3.045379e-01 592
4.360301e+00 593
-9.933594e-02 594
-9.603730e-01 595
6.451045e-01 596
-6.809710e-01 597
2.475016e+00 598
-2.606389e+00 599
-1.218399e+00 600
-1.225698e+00 601
-5.280966e-01 602
1.526280e-01 603
-7.468556e-01 604
3.758126e+00 605
1.481190e+00 606
2.504003e+00 607
1.820335e+00 608
-1.900607e-01 609
1.735037e+00 610
5.356203e-01 611
-4.804265e-02 612
3.355374e+00 613
-2.363531e+00 614
3.918469e+00 615
7.025792e+00 616
1.047145e+00 617
-8.340435e-01 618
1.493154e+00 619
2.327380e+00 620
-2.075849e+00 621
2.034865e-01 622
-9.459842e-01 623
5.067999e-01 624
-8.101827e-01 625
-7.259224e-01 626
-2.571171e+00 627
-6.618800e-01 628
6.350542e-01 629
-3.066248e+00 630
-1.360846e+00 631
4.488939e-01 632
9.840368e-01 633
-2.693572e+00 634
9.762142e-02 635
-9.583331e-02 636
-3.189769e-01 637
5.150758e-01 638
1.194082e+00 639
-2.800545e+00 640
1.454181e+00 641
3.009098e+00 642
5.973139e-01 643
-2.044597e+00 644
1.807989e-01 645
-1.051345e+00 646
-2.903750e-01 647
1.383300e+00 648
-7.799232e-01 649
6.986176e-01 650
1.752016e+00 651
-1.967635e+00 652
-8.690232e-01 653
-1.037739e+00 654
2.147328e+00 655
7.262198e-03 656
7.496314e-01 657
-4.207179e-01 658
-5.340882e-01 659
-1.022642e-01 660
2.549069e-01 661
-3.581976e-01 662
-1.169128e+00 663
-3.737018e-01 664
1.061249e+00 665
-2.897171e+00 666
8.094076e-01 667
1.630993e-01 668
1.781869e+00 669
3.067692e+00 670
-2.097776e-01 671
5.733606e-01 672
1.138445e+00 673
-7.877602e-01 674
-8.377707e-01 675
-2.196477e+00 676
4.107711e+00 677
-5.040329e+00 678
-1.182681e+00 679
-3.995784e+00 680
-3.884558e+00 681
-2.826297e+00 682
1.217339e+00 683
-3.112768e+00 684
-4.309441e+00 685
-4.435735e+00 686
-2.863724e+00 687
-5.218270e-01 688
-9.459842e-01 689
-2.170576e+00 690
1.232009e+00 691
-4.208345e+00 692
1.977177e+00 693
-2.092799e+00 694
3.623486e-01 695
6.112030e-01 696
-1.000051e+00 697
-9.287424e-01 698
-7.065043e-01 699
-9.560346e-01 700
-3.841731e-01 701
-2.849039e+00 702
-1.406166e+00 703
-1.571220e+00 704
1.433562e+00 705
-1.846275e+00 706
-3.066248e+00 707
-4.582289e-02 708
-4.812545e+00 709
-4.963479e-01 710
3.129707e-01 711
-3.581976e-01 712
-2.190779e+00 713
-1.646052e+00 714
9.296567e-01 715
9.635583e-01 716
-9.583331e-02 717
1.807989e-01 718
-8.177299e-01 719
-2.175275e+00 720
2.861594e-01 721
-1.330058e+00 722
-8.690232e-01 723
7.877608e-01 724
-1.245501e+00 725
-5.768868e-01 726
-1.051345e+00 727
4.084454e+00 728
1.045796e+00 729
1.477381e-01 730
2.549069e-01 731
-6.946698e-01 732
1.108139e+00 733
8.446757e-01 734
-6.205618e-01 735
5.787734e-01 736
-1.203062e-01 737
2.069551e+00 738
-7.636627e-01 739
-5.958692e-01 740
-4.482237e-01 741
6.385516e-01 742
3.757716e-01 743
-1.525803e+00 744
3.959291e+00 745
-1.088159e+00 746
-5.588683e-01 747
4.403101e-01 748
-2.149957e+00 749
4.608299e-01 750
2.249769e+00 751
1.196432e+00 752
-1.170355e-01 753
-1.075442e+00 754
-3.331963e-01 755
2.154108e+00 756
1.685014e-01 757
5.722778e-01 758
4.478084e+00 759
-2.528371e-01 760
4.726753e-02 761
-8.000303e-01 762
-1.706752e+00 763
-1.525129e+00 764
-3.264489e-01 765
1.590322e+00 766
4.527326e-01 767
-4.582810e-01 768
-2.080964e+00 769
-1.603413e+00 770
2.792457e-02 771
1.807989e-01 772
1.805158e-03 773
-4.047176e-01 774
-1.350540e-01 775
-2.190779e+00 776
1.630981e+00 777
-5.918124e-01 778
2.217681e+00 779
5.291056e-01 780
5.883985e-01 781
-1.499369e+00 782
2.084149e+00 783
1.161628e+00 784
-2.714850e+00 785
-1.530918e+00 786
3.403003e+00 787
-1.255708e+00 788
-1.744492e+00 789
-1.456810e+00 790
-1.863473e-01 791
-1.730551e-01 792
1.526280e-01 793
-1.575269e-01 794
1.526280e-01 795
2.809385e+00 796
-1.287734e+00 797
1.913069e-01 798
-1.808208e+00 799
3.009098e+00 800
2.262841e+00 801
-3.066248e+00 802
2.063576e+00 803
-1.521348e+00 804
-4.874093e-01 805
-2.555422e+00 806
-8.376073e-02 807
-1.744492e+00 808
-2.230000e+00 809
4.302598e-01 810
4.726753e-02 811
9.924696e-01 812
3.318103e+00 813
-9.245931e-01 814
-2.262435e+00 815
5.172712e-01 816
-4.164860e+00 817
1.447355e+00 818
1.851297e+00 819
5.580932e-01 820
-1.068831e-01 821
-1.307278e+00 822
1.433562e+00 823
-3.302637e+00 824
-1.191107e+00 825
-1.252015e+00 826
-1.528269e+00 827
-1.350540e-01 828
1.013348e-01 829
1.335122e+00 830
-1.876664e+00 831
1.569694e+00 832
-5.334931e+00 833
-4.759806e-01 834
4.226770e+00 835
-8.690232e-01 836
-1.051345e+00 837
-8.814457e-01 838
-1.701932e+00 839
8.785651e-01 840
-1.884254e+00 841
2.178002e+00 842
6.924644e-02 843
-3.353930e+00 844
8.945654e-01 845
9.917291e-01 846
-4.592304e+00 847
-2.128904e+00 848
4.266775e+00 849
-5.588683e-01 850
1.993178e+00 851
3.964024e-01 852
1.603461e+00 853
-1.456810e+00 854
-5.462498e-01 855
-3.536251e+00 856
-1.258984e+00 857
-2.591790e+00 858
-4.698501e-02 859
2.704111e-01 860
-2.787674e+00 861
-2.756093e+00 862
4.174402e+00 863
-3.493692e+00 864
3.187581e+00 865
-1.536853e+00 866
3.875933e-01 867
1.167859e+00 868
-1.061497e+00 869
9.074688e-01 870
-4.241555e-01 871
-1.105412e+00 872
1.457092e+00 873
-8.437054e-01 874
1.144068e-01 875
1.192400e+00 876
1.364569e+00 877
-8.754541e-01 878
7.006037e-02 879
4.012937e+00 880
-8.535190e-01 881
-1.437007e+00 882
4.780504e-01 883
-2.330344e-01 884
4.163591e+00 885
4.470116e+00 886
7.869347e-01 887
-6.583022e-01 888
8.739461e-01 889
-8.690232e-01 890
-2.520083e+00 891
2.090341e+00 892
-3.328612e+00 893
-3.066248e+00 894
-2.509960e+00 895
-1.758760e-01 896
-5.123483e-01 897
5.412860e-01 898
-1.601391e+00 899
-4.608517e-01 900
-1.113220e+00 901
2.123473e-01 902
-2.753368e-02 903
3.021338e+00 904
-9.350850e-01 905
-8.690232e-01 906
1.989508e+00 907
-3.099038e+00 908
2.819856e+00 909
3.153348e+00 910
-6.314909e-01 911
-3.284937e+00 912
9.974598e-01 913
-1.235438e+00 914
-1.361500e+00 915
-1.174959e+00 916
-1.004825e+00 917
-1.245501e+00 918
3.043000e+00 919
1.944388e+00 920
1.324253e-01 921
7.144392e-01 922
5.467078e-01 923
1.140817e+00 924
2.387216e-01 925
-7.051550e-02 926
1.346551e+00 927
-3.817281e-01 928
2.957289e-01 929
-1.793282e+00 930
-3.581976e-01 931
5.580932e-01 932
1.007043e+00 933
-2.190779e+00 934
2.039698e+00 935
-1.437877e-01 936
-4.535078e-01 937
-3.823933e+00 938
2.629166e+00 939
2.403336e-01 940
-1.705271e+00 941
-1.169128e+00 942
-8.506741e-01 943
9.730370e-01 944
4.235030e-01 945
8.380532e-01 946
1.315779e+00 947
-2.498264e+00 948
3.091790e+00 949
7.049680e-01 950
-1.766965e+00 951
7.258534e-02 952
-2.732981e-01 953
-2.246662e-01 954
2.629166e+00 955
-1.786120e-01 956
-7.328910e-01 957
4.839852e-01 958
1.522115e+00 959
1.587713e+00 960
1.762066e+00 961
-2.469719e-01 962
-2.255318e+00 963
9.475579e-01 964
-8.506741e-01 965
9.999259e-01 966
1.929999e+00 967
-2.356293e+00 968
-2.692501e-01 969
-2.897171e+00 970
6.226317e-01 971
-6.326344e-01 972
-2.814933e+00 973
-1.689556e-01 974
-3.337123e+00 975
-1.590341e+00 976
-2.711862e-01 977
-2.238064e+00 978
3.270578e+00 979
3.138310e+00 980
8.412194e-01 981
1.736748e+00 982
-2.334941e-01 983
-2.186325e+00 984
1.854179e-01 985
-2.275120e+00 986
5.126308e-01 987
-1.567158e+00 988
-2.168306e+00 989
-2.172534e-02 990
-2.373101e+00 991
-1.956786e-01 992
2.014182e-01 993
8.378492e-01 994
-3.264489e-01 995
4.059013e-01 996
2.039698e+00 997
-4.532525e-02 998
2.315951e+00 999
1.178851e-01 1000
-1.346809e+00 1001
1.599953e+00 1002
1.814026e+00 1003
1.964190e+00 1004
1.634233e+00 1005
-1.974751e-01 1006
-5.012984e-01 1007
-1.000051e+00 1008
-1.869044e-02 1009
1.301552e-01 1010
3.009098e+00 1011
-6.369110e-01 1012
-7.438601e-01 1013
-1.323278e+00 1014
-8.589729e-01 1015
4.067753e-01 1016
-1.721502e+00 1017
1.167859e+00 1018
-9.570341e-01 1019
1.044626e+00 1020
-2.709573e+00 1021
1.264199e+00 1022
-1.779583e+00 1023
8.945654e-01 1024
1.656705e+00 1025
1.433562e+00 1026
7.026744e-01 1027
-2.672258e-01 1028
-4.917290e-01 1029
-3.454586e-01 1030
8.537434e-01 1031
-4.694232e-01 1032
2.536040e-01 1033
-3.464278e+00 1034
-1.305579e+00 1035
1.400276e+00 1036
-1.528879e+00 1037
9.410854e-01 1038
-1.023174e+00 1039
1.251240e+00 1040
-3.496138e-01 1041
-2.997255e+00 1042
-1.023174e+00 1043
-1.295444e+00 1044
-1.051345e+00 1045
-2.555422e+00 1046
-7.535103e-01 1047
1.993178e+00 1048
-1.296467e+00 1049
4.053304e-01 1050
3.272788e+00 1051
-1.286231e-01 1052
-5.281593e-02 1053
9.147681e-01 1054
-1.767659e+00 1055
1.376403e+00 1056
4.195679e+00 1057
3.379472e+00 1058
-1.581973e+00 1059
2.126709e+00 1060
-2.843104e+00 1061
-2.442533e-01 1062
-5.405191e-01 1063
1.757053e+00 1064
1.064911e+00 1065
-7.065043e-01 1066
-2.115941e-01 1067
-4.673969e-01 1068
-3.094074e-01 1069
-3.300267e-01 1070
-7.148725e-01 1071
-2.404145e-01 1072
-3.206010e+00 1073
-2.889624e+00 1074
2.333046e+00 1075
3.890168e-01 1076
-3.462214e-01 1077
5.425890e-01 1078
2.455430e-01 1079
8.648825e-02 1080
-6.458796e-01 1081
1.255579e+00 1082
-1.893767e-01 1083
2.586241e+00 1084
1.960917e+00 1085
2.884296e-01 1086
-1.140957e+00 1087
-1.072851e+00 1088
-4.478097e-01 1089
1.273102e-01 1090
-9.859620e-01 1091
-8.993359e-02 1092
3.900094e-01 1093
1.861006e+00 1094
5.580932e-01 1095
8.049532e-01 1096
2.280860e+00 1097
5.425890e-01 1098
-8.842907e-01 1099
-3.046731e-01 1100
9.606555e-01 1101
5.623620e-02 1102
8.739461e-01 1103
-7.376872e-01 1104
-1.117303e+00 1105
-3.536251e+00 1106
-3.661395e-02 1107
7.404147e-01 1108
-6.683525e-01 1109
-7.528518e-01 1110
-7.818686e-01 1111
6.587367e-01 1112
-1.078744e+00 1113
-1.849410e+00 1114
3.814696e-01 1115
1.236405e-01 1116
1.399660e+00 1117
2.755318e+00 1118
1.414870e+00 1119
6.924644e-02 1120
-2.719052e+00 1121
5.172712e-01 1122
-3.581976e-01 1123
-3.801765e-01 1124
-3.884558e+00 1125
-1.132690e+00 1126
6.561667e-02 1127
1.182247e+00 1128
-1.115061e+00 1129
-4.094909e-01 1130
-5.300478e-01 1131
5.625278e-01 1132
2.109902e+00 1133
-4.795584e-01 1134
1.457092e+00 1135
1.251240e+00 1136
9.549745e-01 1137
2.014182e-01 1138
-1.350540e-01 1139
8.505258e-01 1140
-1.838442e-01 1141
-2.523161e+00 1142
1.199947e+00 1143
-1.339027e+00 1144
6.741653e-01 1145
4.360301e+00 1146
1.639918e-01 1147
-1.245501e+00 1148
-2.193611e-01 1149
-1.083093e+00 1150
1.339102e+00 1151
-4.662391e-01 1152
2.014182e-01 1153
4.925785e-01 1154
7.518434e-01 1155
-1.908795e+00 1156
-1.138356e+00 1157
7.685856e-01 1158
1.587713e+00 1159
-3.515198e+00 1160
1.862149e+00 1161
-1.384051e+00 1162
-2.478461e+00 1163
-6.095120e-01 1164
-1.146655e+00 1165
-7.810544e-01 1166
8.224279e-01 1167
-4.094909e-01 1168
-1.111969e+00 1169
-2.044597e+00 1170
-1.205495e+00 1171
3.900094e-01 1172
1.500667e-02 1173
1.042696e+00 1174
-6.326344e-01 1175
-5.492528e-01 1176
2.145058e+00 1177
-6.710699e-01 1178
-7.051550e-02 1179
1.129879e+00 1180
-1.170355e-01 1181
1.656705e+00 1182
7.404147e-01 1183
6.916245e-01 1184
-1.503330e+00 1185
-3.581976e-01 1186
1.342789e-01 1187
-2.517682e+00 1188
-4.804265e-02 1189
-1.503330e+00 1190
-2.092799e+00 1191
2.790691e-01 1192
-6.193176e-02 1193
6.714218e-01 1194
1.616779e-01 1195
-3.069043e-01 1196
-2.609489e+00 1197
-1.110378e+00 1198
-1.977840e+00 1199
-1.416805e+00 1200
-1.933734e+00 1201
1.324253e-01 1202
-1.146655e+00 1203
-2.336543e+00 1204
-5.123483e-01 1205
-7.707299e-01 1206
-9.287424e-01 1207
9.815768e-01 1208
-2.069914e+00 1209
6.970896e+00 1210
-8.028834e-01 1211
-1.857432e+00 1212
1.621161e+00 1213
3.067787e-01 1214
-5.523536e-01 1215
1.524534e+00 1216
-8.626386e-02 1217
1.709815e+00 1218
-6.095120e-01 1219
1.182247e+00 1220
8.610427e-01 1221
-9.541810e-01 1222
-1.101355e+00 1223
-8.790725e-02 1224
-7.820118e-01 1225
-2.275120e+00 1226
-1.245501e+00 1227
-8.814457e-01 1228
6.663067e-01 1229
-1.995806e+00 1230
-1.387817e+00 1231
1.703225e+00 1232
-3.698936e-01 1233
1.592463e+00 1234
-9.617326e-01 1235
-1.898643e+00 1236
2.991707e+00 1237
1.098164e+00 1238
2.256762e+00 1239
-1.146655e+00 1240
5.580932e-01 1241
2.253874e-01 1242
-5.782595e-01 1243
-6.726909e-01 1244
-1.590341e+00 1245
2.479382e-01 1246
3.598886e-01 1247
1.068919e+00 1248
3.274112e+00 1249
3.481255e+00 1250
1.007894e+00 1251
-8.000303e-01 1252
1.646123e+00 1253
-2.395080e+00 1254
4.245618e-01 1255
-1.284960e+00 1256
6.916245e-01 1257
4.149923e-01 1258
7.404147e-01 1259
-2.785946e+00 1260
-1.045581e+00 1261
-1.012124e+00 1262
-1.218088e-01 1263
-3.969115e+00 1264
3.513003e+00 1265
-1.878023e+00 1266
-6.705723e-01 1267
-1.525803e+00 1268
3.702245e+00 1269
-1.328976e+00 1270
-2.182747e+00 1271
6.015783e-01 1272
-2.643788e-01 1273
-5.918124e-01 1274
1.315779e+00 1275
3.623486e-01 1276
-7.636627e-01 1277
8.457752e-01 1278
6.591893e-01 1279
-7.328910e-01 1280
2.608416e-01 1281
-9.433033e-01 1282
-6.766513e-01 1283
-2.527251e+00 1284
-1.514032e-01 1285
4.359780e-02 1286
3.932185e-01 1287
1.315779e+00 1288
-1.616914e-01 1289
2.860678e+00 1290
-2.509960e+00 1291
-2.785946e+00 1292
-1.577438e+00 1293
-4.804265e-02 1294
-2.619961e+00 1295
-7.486248e-01 1296
1.076887e+00 1297
-1.878023e+00 1298
7.026744e-01 1299
-1.138356e+00 1300
-5.813411e-01 1301
1.007043e+00 1302
-2.626881e+00 1303
1.615883e+00 1304
1.526280e-01 1305
-1.869044e-02 1306
1.127188e+00 1307
1.197173e+00 1308
-1.528269e+00 1309
1.615883e+00 1310
-1.051345e+00 1311
-1.525803e+00 1312
-4.681985e-01 1313
1.205397e-01 1314
-3.581976e-01 1315
-1.131387e+00 1316
3.266873e-02 1317
-1.218088e-01 1318
9.147681e-01 1319
-9.459842e-01 1320
3.349496e-01 1321
-4.917290e-01 1322
2.586241e+00 1323
-6.809710e-01 1324
7.657325e-01 1325
2.062171e+00 1326
1.301565e+00 1327
-1.263960e-01 1328
5.241916e-01 1329
1.634233e+00 1330
-3.581976e-01 1331
-1.000051e+00 1332
-1.080332e+00 1333
2.755262e-01 1334
-6.160267e-01 1335
1.269259e+00 1336
-1.302659e+00 1337
-8.446317e-01 1338
3.890168e-01 1339
-7.030381e-01 1340
-2.931658e+00 1341
1.597455e-01 1342
3.067787e-01 1343
-2.105616e-01 1344
-1.292507e+00 1345
6.226317e-01 1346
9.963481e-01 1347
-1.546422e+00 1348
-1.846275e+00 1349
1.382269e+00 1350
2.592378e-01 1351
-1.823069e-01 1352
-2.304108e+00 1353
-1.590341e+00 1354
2.550523e+00 1355
3.784937e+00 1356
5.422546e+00 1357
3.305364e+00 1358
1.156930e+00 1359
-5.930372e-01 1360
-4.788256e-01 1361
3.075790e+00 1362
-1.575269e-01 1363
-3.884558e+00 1364
1.492325e-01 1365
-9.919213e-01 1366
6.230541e-02 1367
1.983608e+00 1368
5.190879e+00 1369
3.974700e-01 1370
1.145880e+00 1371
2.024430e+00 1372
1.118061e-01 1373
6.534033e-01 1374
-3.237114e-01 1375
-1.319609e+00 1376
2.206752e+00 1377
1.466352e+00 1378
-9.008638e-01 1379
-2.174250e-01 1380
2.479382e-01 1381
1.839027e+00 1382
8.005736e-02 1383
1.993178e+00 1384
1.587713e+00 1385
-1.834104e+00 1386
-5.077293e-01 1387
-4.833607e-01 1388
2.815770e-03 1389
-4.229399e+00 1390
-2.514296e-01 1391
-5.012984e-01 1392
-4.715263e-01 1393
-1.205495e+00 1394
-1.779583e+00 1395
-8.208211e-01 1396
-1.744492e+00 1397
1.364987e-01 1398
2.409207e-01 1399
-1.506820e+00 1400
-4.142387e+00 1401
-4.188222e-01 1402
4.101947e+00 1403
4.806588e+00 1404
2.295891e-01 1405
2.414391e+00 1406
2.202695e+00 1407
3.181425e-01 1408
-1.621890e+00 1409
-1.205495e+00 1410
-1.744492e+00 1411
-7.148725e-01 1412
5.761117e-01 1413
-7.095955e-01 1414
-1.138356e+00 1415
-1.341297e+00 1416
1.538922e+00 1417
7.404147e-01 1418
-1.008785e+00 1419
-7.395651e-01 1420
4.801316e-01 1421
-1.592942e+00 1422
-9.335617e-01 1423
2.599313e+00 1424
-5.252517e-01 1425
2.123473e-01 1426
2.815770e-03 1427
-7.272950e-01 1428
-1.467173e+00 1429
-6.458796e-01 1430
-2.713851e-01 1431
2.003899e-01 1432
-1.218088e-01 1433
-3.725493e+00 1434
4.707918e-03 1435
-2.350628e+00 1436
-2.244108e+00 1437
-3.585042e+00 1438
-2.832633e+00 1439
3.776969e+00 1440
-6.393650e-01 1441
-2.997255e+00 1442
6.096638e-02 1443
-5.733090e-01 1444
-9.691067e-01 1445
2.686325e+00 1446
1.617175e+00 1447
-2.892047e-01 1448
